29
273
355
654
657
884
3642
3957
3966
4147
4242
4353
4658
5339
5702
5821
5973
6061
6664
6925
7850
8250
8491
9792
10012
10075
10215
10784
10873
12119
12572
12623
13632
13674
13726
14356
15056
15295
15944
16115
16498
16780
16807
17083
17260
17389
17871
18214
18464
19554
19801
19814
20457
20507
21179
21513
21983
22506
22909
23525
23727
23744
24470
24621
24892
25035
25481
26478
26871
27057
27118
28239
28802
29132
30178
30302
30409
30573
30794
31092
31397
31541
31920
32031
33638
33865
33903
34108
34402
34468
34515
35310
35433
35507
36555
37392
38478
38648
39289
39871
40163
41488
42009
42350
43682
44082
44116
45616
45793
46086
46206
46542
46588
47773
49488
50278
50605
50613
50737
50797
51121
51722
51818
52062
52256
52490
52810
53027
54455
55456
56083
56865
57095
57854
57914
57982
58157
58282
58344
58376
58738
59112
59304
59552
59776
60295
60343
60826
61603
62061
62712
63025
63465
64196
64871
65762
65916
66387
66443
67164
67209
67362
67530
67721
67846
68556
68640
68692
68780
68797
68952
69485
70386
70650
71069
71386
72472
73371
76075
76536
76543
76920
77171
77181
77205
78191
79018
79748
79759
79848
80275
80644
81789
82332
83567
84754
85012
85272
86030
86890
87167
87622
87934
88631
88942
88957
89641
90009
90304
90381
90575
90756
91073
91171
91232
91523
91592
91665
91812
91927
92579
92660
92689
93540
93689
93991
94112
94669
95186
95256
95538
96092
96308
96453
96629
96822
97090
98589
98966
99027
99512
99740
100010
100232
101185
101299
102014
102308
102342
103004
103130
103229
103759
104052
104132
104364
104532
104621
105086
105262
105322
106136
106276
107202
107293
108422
108649
108892
108941
109051
109500
109620
110041
110317
110799
110901
111284
111388
111689
113237
115516
115590
116095
116374
116622
117001
117627
118290
118485
118735
118763
119033
119328
119846
120232
120990
121014
121455
121551
122188
122826
123660
124850
125046
126620
127866
129336
129719
130602
131929
132623
132811
133732
134068
134564
135458
135874
136391
136819
136823
138200
139083
139512
139670
139969
140832
141148
141156
141373
141537
141923
142455
142510
143222
143439
143840
144359
144423
144436
144814
145003
145252
145635
145658
145662
146424
147096
147697
147741
148463
149060
149212
149478
149640
149825
150300
150891
152078
152805
153119
153543
153716
153830
153853
154019
154077
154282
154319
155002
155793
156965
157075
157855
157914
158084
158465
158835
159792
159923
160414
160712
161543
162454
163081
163109
163924
164634
164947
165752
166816
167030
167421
167638
167646
169371
170278
170576
171767
172411
172507
172537
173327
174192
174710
174716
175161
175299
175635
175862
176394
176706
176910
177312
177352
177756
177963
178635
178642
179402
179671
180022
180420
181248
181768
181900
181923
182397
182584
182610
182901
183336
183353
183405
183745
185297
185583
185603
185716
185942
186301
186903
186951
187068
187365
188335
189193
189222
189509
189575
189576
190007
190175
190559
191022
191194
191628
192348
193166
193408
194054
195402
195444
196532
196553
197152
197291
197445
197690
198153
199127
199133
199414
199477
199949
200092
200577
200872
201135
201915
202365
203655
203693
203738
204037
205539
205676
205698
205736
205753
205883
206078
206229
207052
207167
207225
208766
208920
208995
209264
209268
209272
210435
210457
210504
211107
212463
212926
212995
213826
214352
214714
215239
215944
216251
216593
218305
218381
218794
219224
220957
221134
221248
221699
221736
223637
224215
224642
225108
225891
227167
227213
227273
227334
227821
228203
228321
228474
228484
228595
229230
229976
230042
231198
231211
231557
232527
232726
233262
233545
233784
234259
235073
235245
235810
236064
236380
237036
238316
238445
238483
238761
239178
239305
240214
240713
240787
241859
241875
242611
243233
244241
245194
246298
246492
247229
247396
247413
248576
248972
249012
249275
249329
249384
249613
250081
252553
252905
253011
253360
253625
253885
253994
254250
254295
254484
254690
255141
255416
255569
255774
256109
256624
256918
257087
257140
257282
257581
257668
257762
258191
258516
258517
259014
259251
259751
260675
261769
262002
262388
263659
264204
264737
265049
265468
265806
266444
267321
267629
268552
268603
268969
269285
269442
269962
270243
270809
271939
272239
272875
274172
274333
274357
274998
276905
277069
277266
278006
278905
279069
279495
280307
280364
280408
281350
282184
282548
283017
283475
283870
285282
285887
287493
287596
287932
288018
288238
289953
290717
291302
292667
292717
293253
293338
293615
295354
295708
295761
296252
296468
297002
297195
297853
298441
298608
298685
298909
299788
300282
300937
301612
302081
302527
302822
302987
303690
304032
304594
304885
304937
305063
305331
305976
306725
307000
307023
308212
309487
310096
311324
311525
311677
311845
311934
312524
312641
312933
313210
313805
313910
314387
314408
316887
317230
317385
317911
318530
318986
319239
319689
319715
320754
321294
321307
321809
322038
322631
323903
324155
324472
324888
324948
325353
325838
326651
326719
327267
327762
328347
329617
330186
330228
331125
331169
331863
332085
332378
332849
333298
334207
335047
335107
335596
335920
335984
336717
336757
336869
337268
338056
338556
338583
338658
339089
339122
340176
341068
341599
341794
342928
342986
344349
345713
346998
347148
347177
347675
348025
348599
348919
349813
350736
350987
352260
352583
352939
353384
353622
353703
354011
354512
354560
354662
354713
355398
355520
355529
355770
356333
357539
357779
358757
358889
359814
360182
360184
360523
361361
361406
361468
361916
362486
362672
362751
362972
363162
363371
363416
363735
364075
364157
364168
364636
364758
364896
365355
365625
366384
366596
366877
367117
367970
368552
369443
369808
370159
370255
370939
371079
371898
372229
372752
372802
372910
373109
373721
374267
374731
374994
375811
376181
376838
377146
377406
377550
377890
378293
378734
379769
380265
380284
380570
380593
380698
381871
382091
382684
384274
384359
384568
384946
385236
385921
386195
386868
387521
387570
388149
389282
390561
391210
392173
392527
392993
393994
394112
394122
394176
394419
394487
394844
395112
395820
396101
396150
396656
396702
396916
397899
397971
398403
399400
399771
400946
400962
401336
401398
401823
401905
402341
403056
404131
405220
405375
406095
406343
407156
407202
407290
407383
408551
408920
409234
410312
410559
410777
410825
411044
411077
412800
412862
413061
413431
413910
414822
415935
416195
416631
416790
417171
417199
417284
418363
418762
418821
419082
419316
419475
419570
420163
420172
420309
420990
421689
422207
422330
422505
423480
423880
425485
426070
426359
426664
426701
428502
428708
429187
429309
429731
430010
430145
430412
430837
430896
431135
431303
431549
431780
432136
433764
434407
435093
436120
436188
436723
437118
437184
438736
439121
439675
439684