32
383
1311
1588
2488
2634
2727
3469
3640
3968
4178
4310
5245
5951
6126
6185
6514
6682
8059
8236
8409
8827
8920
9447
10106
10940
11204
11328
11583
12007
12371
12475
12528
12599
13098
13344
13645
13895
15368
15700
16606
17068
17554
17700
17706
18081
18250
19474
20042
20385
20889
21656
22279
23667
24429
24526
25020
25051
25415
25602
25787
25806
25965
26465
26967
26969
28645
28718
29967
30502
30516
31036
31608
32904
32915
33276
33759
33962
34409
34539
34872
35131
35346
35479
36239
36890
38344
39101
39156
39631
39796
39886
41561
41972
42042
42132
44313
45211
45950
46463
47267
47480
48470
48599
48659
48749
49083
49769
51173
51392
51635
51650
51928
52232
52481
52667
52943
53795
54468
54528
54579
54886
55083
55323
56315
56795
57306
58028
58508
58744
58916
61307
61464
61574
61929
62097
62131
62211
62518
63059
63376
63603
63811
64364
64495
64501
64656
65786
66461
66521
66628
67414
68378
68432
68583
68926
69873
69927
70576
70613
70622
71017
71884
72420
73615
73638
74733
75383
76104
76175
76347
76438
77020
77068
77214
77525
77880
78562
79132
79358
79509
79801
80233
80437
80536
81333
81619
81844
81958
82082
82191
82333
82530
83570
83892
84008
84040
85016
85094
85716
86192
87603
87724
87889
89054
89514
89571
90080
90147
90257
90669
90688
90740
90809
90920
91043
91132
91329
91356
91412
91726
92172
92205
92411
92471
93085
93342
93568
94154
95032
95115
96772
96875
97382
97614
98094
98245
98359
99468
99821
99867
100382
100496
101075
101750
101834
101879
102885
103060
103323
103579
103726
104066
104073
104493
104573
104704
104875
104967
105514
107473
108453
108495
108694
110486
111389
111789
112513
112852
113683
114181
114230
114968
115579
115993
116020
116194
116772
116925
117473
117891
118280
118282
119324
119592
119774
119798
120460
120552
121000
121638
122282
122720
124017
126034
127704
127827
128557
129170
129404
129412
129530
129558
129606
130342
130935
131094
131370
132258
132615
132953
134555
134937
135878
135896
136042
136058
136373
136517
137470
137703
137793
139419
139428
139521
139663
139731
140656
142015
142628
142723
143070
143115
143756
143860
144468
144678
144703
144756
145198
145701
145902
146099
146960
147697
147932
149299
149481
149573
149792
151344
151905
151972
152399
154284
154509
154521
155317
155368
156268
156936
157033
157238
159085
159716
159986
160122
160263
160562
161585
161745
162114
162869
163096
163425
164278
165698
166220
166279
166778
166847
166949
168242
168243
168268
168500
168618
169383
170133
171301
171715
172396
173568
173689
173923
174547
174831
175076
175111
175706
175955
176275
177221
177599
177601
177647
177857
177915
178290
179801
180571
180578
180845
181430
181584
182153
182185
182305
182915
182932
182990
183491
183560
185075
185364
185505
186768
187208
187360
187576
187707
187735
188205
189293
189306
189700
191363
191562
191610
191627
192891
193289
193415
193878
193951
195613
196575
196621
197058
197467
197644
198672
198800
199665
200709
200887
200916
200976
200983
202032
202886
204667
205002
205501
206166
206543
206955
208197
208550
209661
210749
211024
211025
211224
211831
211848
212134
212882
212989
213129
213478
213591
214023
214178
214355
214371
214670
214831
215752
215774
216473
216846
217215
217244
217776
217990
218150
218883
219060
219336
219905
220202
220439
222341
222783
223337
224003
224368
224972
225170
225262
225321
225461
225632
225931
226186
226269
226459
226632
226837
227376
227751
228018
229252
229257
229323
230872
232003
232308
232928
233249
233859
233875
234330
234796
235066
235576
235613
236010
236189
236854
237255
238041
240218
240373
241028
241097
241190
241250
241778
242344
242528
242634
242716
243107
243153
243363
243505
244002
244161
244202
244299
244671
245614
246281
246347
246615
246620
246748
248226
249163
249266
249376
249821
250453
250998
251055
251508
252237
252302
252323
252818
253068
253631
253754
254258
254750
254784
255558
257610
257777
258572
258886
259008
259227
260501
260943
260964
261261
261599
262036
262261
262569
262664
262674
263783
264403
264452
264574
264845
265398
265406
265846
266074
267046
267969
268408
268495
268588
268612
268690
268895
268974
269991
270104
270650
271702
272993
274431
275284
275310
276316
276477
277492
277964
278182
278584
280634
280854
281606
282470
283004
283327
283504
284095
284157
284463
284743
284794
284852
284856
284903
284931
285168
285259
285428
286026
286625
286741
287026
287623
287765
287806
288083
288105
288418
289151
289616
289848
289933
290207
290554
291928
293038
293894
293970
294160
294528
294762
294806
295417
295553
295565
295623
296291
296597
298087
298536
299079
299340
299468
300049
300715
301636
301734
302249
302712
303099
303537
304426
305294
306212
306532
306766
307136
307586
307740
309013
310019
310146
310402
310415
310481
311607
312002
314142
314319
314702
314858
314880
315045
315492
316123
316250
316885
317119
318414
319415
321521
322115
322895
323342
323521
324839
324854
325937
326161
326419
326520
327350
327588
327917
328729
329085
329518
330952
331302
331809
332789
333271
333671
333738
334113
334210
334350
334526
335059
335187
336182
336276
336665
337063
337134
337240
337985
338050
338599
339455
340950
341352
341648
342733
343189
343764
344864
345527
345582
345689
345759
345901
346007
346276
346280
347410
349475
349606
350868
350985
351044
351225
351516
351610
352325
352506
353464
353919
354059
355345
355346
356575
356638
357361
357410
357550
357936
358196
358722
358878
359440
360574
360882
361247
361290
361600
361964
362072
362217
362230
362254
363850
363906
364111
364918
365291
365379
365740
365848
365907
366146
366873
367203
367305
367561
367847
368066
368510
368653
368672
369255
369520
369796
370162
370982
371817
373339
373681
376003
376253
376384
376680
376715
377122
377779
377838
379223
379453
379621
380021
380048
380484
381176
381208
381564
382061
382133
382187
382256
383127
383145
383455
383529
385034
385346
385864
385877
386518
386726
386808
387144
387260
387348
387953
387990
388858
388968
389893
389991
390508
391537
392771
392930
393082
393577
394339
394749
395008
395046
395054
395127
395985
396109
396468
396699
400020
400127
400450
401190
401237
401504
402641
403446
403582
404672
404728
405852
405872
405886
405936
406591
407325
407452
408262
408339
408347
408586
409650
410657
412490
412745
412976
413162
413886
414105
414482
415438
415588
415754
415843
416114
416199
416433
416651
417703
417923
417962
418320
418775
419348
419785
419803
420830
421128
421199
421760
421801
422096
422155
423061
423727
424497
424610
424958
425604
425614
425673
425770
425785
425944
425992
426077
427167
427884
428499
428963
429207
430257
430336
431120
431392
431790
433227
433278
434156
434975
435016
435243
435468
436204
436211
436478
436804
437096
437347
437394
437888
438514
438624
438763
438848
438854